1,0,
2,2,154,234,24,12,353,224,15,7,
3,1,164,235,28,20,
4,2,172,237,28,17,355,224,21,10,
5,1,176,236,23,16,
6,2,184,235,16,14,360,224,14,6,
7,2,192,237,14,9,364,224,8,7,
8,1,362,224,16,7,
9,2,209,235,15,10,365,224,8,6,
10,2,217,234,15,8,368,224,15,6,
11,1,368,224,23,10,
12,1,233,235,14,11,
13,1,237,241,12,5,
14,1,240,235,24,13,
15,2,249,234,22,12,384,225,16,7,
16,2,260,237,18,5,384,225,15,12,
17,2,264,235,20,13,388,225,6,8,
18,2,269,234,16,7,388,225,17,7,
19,2,272,229,18,7,387,225,17,6,
20,0,
21,1,273,235,14,7,
22,0,
23,1,281,235,10,7,
24,2,281,234,19,5,388,226,12,5,
25,2,288,232,18,8,387,225,16,2,
26,2,295,231,16,10,384,225,22,11,
27,2,296,232,9,7,388,225,20,8,
28,2,297,231,16,9,388,225,11,9,
29,1,300,235,19,7,
30,2,295,230,24,19,389,225,18,12,
31,0,
32,2,321,234,12,8,388,228,19,9,
33,2,313,235,18,4,388,228,19,8,
34,1,393,225,14,11,
35,2,320,235,16,1,393,226,7,5,
36,1,389,226,22,5,
37,1,8,234,28,12,
38,0,
39,1,397,225,38,15,
40,1,404,225,28,14,
41,1,400,225,40,15,
42,1,361,235,9,4,
43,1,413,226,22,11,
44,2,377,230,23,10,413,226,18,13,
45,3,72,240,7,5,381,228,18,11,410,229,32,11,
46,1,392,225,56,14,
47,3,107,241,9,7,96,241,9,7,398,225,54,15,
48,2,100,240,26,15,408,229,48,11,
49,2,112,240,31,18,417,226,47,17,
50,3,121,241,31,17,421,226,43,19,0,214,33,2,
51,2,132,237,36,24,423,227,49,16,
52,2,145,241,22,5,429,226,50,20,
53,2,152,234,36,24,439,227,45,13,
54,2,169,234,26,21,431,227,61,19,
55,2,180,240,20,14,257,221,15,3,
56,3,192,235,32,22,468,231,35,10,0,214,67,2,
57,3,197,238,35,23,484,231,22,9,0,214,67,2,
58,1,212,241,23,16,
59,1,221,245,19,9,
60,1,229,240,23,18,
61,2,241,252,16,2,432,226,20,14,
62,3,249,238,27,13,499,228,41,20,428,226,28,11,
63,3,261,235,26,14,501,228,43,12,432,227,14,10,
64,3,265,241,23,14,503,228,41,16,432,226,21,11,
65,0,
66,2,286,241,24,14,512,229,32,19,
67,2,296,243,20,14,527,230,28,13,
68,2,308,235,36,25,516,229,44,19,
69,2,325,244,18,10,520,230,44,24,
70,4,355,242,6,4,341,238,27,19,528,229,32,14,445,227,17,9,
71,2,530,230,35,18,442,227,29,10,
72,3,357,237,36,20,532,230,35,23,448,227,23,10,
73,2,533,229,35,13,448,227,16,9,
74,2,536,229,44,17,454,227,13,10,
75,3,400,241,17,13,545,230,34,18,456,227,15,9,
76,2,416,234,56,26,0,214,68,2,
77,1,421,234,43,14,
78,2,569,235,26,19,457,229,14,10,
79,1,577,231,23,15,
80,2,464,243,12,11,585,237,15,11,
81,2,465,234,37,30,592,231,20,8,
82,1,593,234,30,14,
83,2,463,231,32,17,576,230,64,28,
84,2,459,232,16,8,585,231,55,20,
85,1,604,232,36,23,
86,3,613,232,27,9,588,234,11,5,455,227,73,30,
87,1,460,235,14,2,
88,2,629,237,11,6,588,231,16,11,
89,2,595,238,9,1,527,235,32,20,
90,2,556,240,3,8,584,236,20,9,
91,2,554,234,50,16,462,227,24,9,
92,1,560,231,75,25,
93,2,585,231,32,15,460,227,24,16,
94,2,593,232,47,16,465,229,19,11,
95,1,593,231,47,18,
96,1,602,231,38,12,
97,0,
98,2,622,232,18,8,0,214,67,5,
99,1,481,237,14,6,
100,1,480,234,15,10,
101,0,
102,0,
103,0,
104,2,616,232,24,2,0,214,50,2,
105,1,0,214,67,2,
106,0,
107,0,
108,1,0,214,67,2,
109,1,0,214,67,2,
110,1,502,235,18,10,
111,1,501,231,23,17,
112,0,
113,1,507,234,19,15,
114,1,0,215,68,3,
115,1,508,231,19,20,
116,2,508,228,27,20,0,214,34,2,
117,1,512,231,10,11,
118,0,
119,0,
120,2,524,238,11,7,0,215,66,3,
121,0,
122,0,
123,2,529,240,15,9,0,229,39,40,
124,2,13,244,9,1,0,235,48,32,
125,2,0,240,48,30,0,214,68,2,
126,4,537,237,21,15,56,235,7,8,0,230,32,34,0,214,67,7,
127,3,20,235,11,5,0,235,64,32,0,214,67,5,
128,3,33,250,63,22,86,234,14,22,48,231,13,8,
129,2,60,253,40,17,0,214,53,5,
130,2,69,252,43,18,0,214,48,5,
131,1,69,250,50,18,
132,1,84,252,44,12,
133,1,93,247,49,18,
134,2,100,252,52,15,136,228,24,16,
135,1,113,252,31,9,
136,3,113,252,40,15,157,249,2,14,573,235,21,17,
137,1,125,252,35,12,
138,2,136,218,49,51,0,214,50,2,
139,1,0,214,67,2,
140,1,164,252,28,12,
141,3,181,253,18,7,623,232,10,8,601,231,30,24,
142,3,211,252,7,18,184,252,26,12,600,240,27,23,
143,1,194,254,22,9,
144,2,203,253,25,8,608,241,23,19,
